SampleID	Well	Month	Season	Cluster	Zone	Aquifer	TEMP_W_ES	EC	EC25	PH	DO	NH4	PO4	DOC	TOC	TIC	NO3	SO4	Cl	Ca	Fe	Mg	Mn	Na
Sample1	H41	Mar	Spring	02	HTL	HTL	4.4	455	113.779956739689	7.41	6.41	0	0.4	1.3	1.3	36.81	24.34	21.86	5.6	34.7	0	23.17	0	3
Sample2	H41	Jun	Summer	02	HTL	HTL	4.5	465	113.204584012813	8.21	5.5	0.1	0.1	1.1	1.2	37.45	19.29	15.33	5.8	33.7	0	24.51	0	2
Sample3	H41	Aug	Summer	02	HTL	HTL	4.7	444	108.17007265265	7.31	3.71	0.2	0.9	1.7	1.8	32.23	12.98	19.24	5.6	30.9	5.2	29.54	0.35	3.5
Sample4	H41	Nov	Autumn	02	HTL	HTL	4.8	449	110.183877196715	7.31	3.2	0.2	0.1	1.5	1.7	35.84	12.04	16.49	5.7	30.3	1.4	29	0.34	3.3
Sample5	H41	Feb	Winter	02	HTL	HTL	3.9	457	115.937604465473	7.21	6.99	0	1.1	0.7	0.8	34.27	23.79	26.22	5.9	35.4	6	23.9	0.09	3.5
Sample6	H41	May	Spring	02	HTL	HTL	4.8	477	116.36913401063	7.31	7.83	0	2.4	0.7	0.7	35.37	26.71	23.91	5.6	36	2.7	21.95	0.09	1.6
Sample7	H41	July	Summer	02	HTL	HTL	5.1	454	111.046936287029	7.41	4.61	0.1	1.2	1.1	0.8	36.86	17.09	23.22	6.7	32.3	5.7	28.11	0.22	2.5
Sample8	H41	Oct	Autumn	02	HTL	HTL	4.8	454	109.176974924682	7.31	2.6	0.2	1.4	1	1	32.48	11.18	18.91	5.5	29.9	1.9	30.41	0.3	2.9
Sample9	H41	Jan	Winter	02	HTL	HTL	4.9	443	105.724738563428	7.31	1.91	0.2	0.9	0.6	0.8	30.66	10.6	19.77	5.6	28.2	1.9	31.03	0.39	3.1
Sample10	H41	Apr	Spring	02	HTL	HTL	4.8	462	114.211486284846	7.31	6.36	0	0.5	1.2	1	24.8	19.17	15.55	4.9	35.1	2.3	25.47	0.08	2.2
Sample11	H43	Mar	Spring	04	HTU4	HTU	4	452	107.450856744055	7.31	0	0.1	0.5	1.6	1.7	42.08	0	16.89	9.1	29.1	0.1	32.25	0.01	4.1
Sample12	H43	Jun	Summer	04	HTU4	HTU	4.8	441	108.313915834369	7.21	0	0.1	1.1	1.1	1.3	42.42	0	7.58	9.1	29.6	0.1	31.56	0.01	3.9
Sample13	H43	Aug	Summer	04	HTU4	HTU	4.3	451	107.019327198898	7.31	0	0.2	0.1	2.5	2.6	35.67	0	16.88	8.9	29.8	66.4	32.7	4.51	3.4
Sample14	H43	Nov	Autumn	04	HTU4	HTU	4	446	108.026229470931	7.21	0	0.1	0	1.5	1.6	38.09	0	7.43	9.1	29.6	64.3	31.24	5.79	3.7
Sample15	H43	Feb	Winter	04	HTU4	HTU	4.8	451	108.601602197807	7.21	0	0.1	1	1	1.1	38.09	0.53	12.19	9.2	29.5	72.3	31.11	6.3	3.1
Sample16	H43	May	Spring	04	HTU4	HTU	5	451	108.026229470931	7.31	0	0.1	2.7	0.8	0.8	39.79	0.04	9.8	9.1	29.5	61.6	30.31	6.11	3.4
Sample17	H43	July	Summer	04	HTU4	HTU	4.9	451	107.882386289212	7.31	0	0.1	1.1	0.8	1	42.08	1.71	14.37	11.2	29.4	81.2	33.43	6.86	3.9
Sample18	H43	Oct	Autumn	04	HTU4	HTU	4.9	451	109.033131742963	7.11	0	0.1	1.3	1.1	1.1	37.79	0	7.67	9	29.5	81.2	32.76	7.99	3
Sample19	H43	Jan	Winter	04	HTU4	HTU	4	442	106.73164083546	7.31	0	0.1	3	0.8	0.8	31.68	0	14.55	8.7	29.3	76.5	32.23	9.84	3.1
Sample20	H43	Apr	Spring	04	HTU4	HTU	4.6	442	106.156268108584	7.31	0	0.1	0.4	1.5	1.7	32.19	0	11.03	9.8	29.5	69.3	33.42	13.85	2.9
Sample21	H52	Mar	Spring	05	HTU5	HTU	5	451	107.163170380617	7.41	0	0.5	0.3	1.4	1.6	33.93	0	17.78	7.3	26.4	0	35.72	0.01	4.1
Sample22	H52	Jun	Summer	05	HTU5	HTU	4.7	459	107.594699925774	7.41	0	0.4	0.4	1	1.1	32.86	4.93	21.53	7.9	26.6	0	36.76	0	4.3
Sample23	H52	Aug	Summer	05	HTU5	HTU	4.3	464	109.608504469839	7.41	0	0.3	0.3	2.2	2.2	30.57	12.18	16.02	9.5	26.2	24	35.35	2.14	4.6
Sample24	H52	Nov	Autumn	05	HTU5	HTU	4.3	461	109.46466128812	7.41	0	0.3	0.7	0.7	0.8	30.53	15.51	17.96	10.3	26.2	21.7	34.25	2.06	5.3
Sample25	H52	Feb	Winter	05	HTU5	HTU	4.4	440	107.450856744055	7.31	0	0.2	0.5	0.8	0.6	31.34	0.14	22.01	6.9	26.5	30.3	33.83	2.54	4.8
Sample26	H52	May	Spring	05	HTU5	HTU	4.4	455	108.17007265265	7.41	0	0.3	2	0.8	0.6	32.36	0.78	22.19	7.2	26.4	41	32.76	2.53	3.9
Sample27	H52	July	Summer	05	HTU5	HTU	4.7	453	108.457759016088	7.41	0	0.2	0.8	1.1	1	36.01	8.16	13.46	8.1	25.9	32.4	34.39	2.42	5.3
Sample28	H52	Oct	Autumn	05	HTU5	HTU	4.3	458	108.313915834369	7.41	0	0.3	0.9	1	1.2	32.14	12.33	12.83	8.9	25.7	58.1	36.86	2.15	6.1
Sample29	H52	Jan	Winter	05	HTU5	HTU	4.7	450	109.752347651558	7.41	0	0.3	3.5	0.8	0.9	27.43	24.84	19.66	11.2	26	27.6	37.31	1.97	4.3
Sample30	H52	Apr	Spring	05	HTU5	HTU	4.6	446	105.293209018271	7.41	0	0.3	0.7	1.1	1.5	26.96	0	23.08	6.6	26.3	114.6	36.36	2.25	4.9
